# Total Elements   Elements Per Thread    Slices   Nodes   Time / s
               0        134217728    0    1    0.00000
       134217728        134217728    1    1    3.46447
       268435456        134217728    2    1    6.52247
       402653184        134217728    3    1    3.69557
       536870912        134217728    4    1    3.63290
       671088640        134217728    5    1    4.87170
       805306368        134217728    6    1    4.87143
               0        268435456    0    1    0.00000
       268435456        268435456    1    1    4.69031
       536870912        268435456    2    1    3.29458
       805306368        268435456    3    1    4.92582
      1073741824        268435456    4    1    5.18014
      1342177280        268435456    5    1   10.38175
      1610612736        268435456    6    1    6.01516
               0        536870912    0    1    0.00000
       536870912        536870912    1    1    7.10203
      1073741824        536870912    2    1    7.18618
      1610612736        536870912    3    1    9.85954
      2147483648        536870912    4    1    6.20212
      2684354560        536870912    5    1   10.97236
      3221225472        536870912    6    1   12.52918
               0       1073741824    0    1    0.00000
      1073741824       1073741824    1    1   12.69779
      2147483648       1073741824    2    1   12.10095
      3221225472       1073741824    3    1   12.66528
      4294967296       1073741824    4    1   12.89844
      5368709120       1073741824    5    1   22.47758
      6442450944       1073741824    6    1   23.19976
               0       2147483648    0    1    0.00000
      2147483648       2147483648    1    1   21.69393
      4294967296       2147483648    2    1   25.03981
      6442450944       2147483648    3    1   23.25627
      8589934592       2147483648    4    1   22.08291
     10737418240       2147483648    5    1   41.43307
     12884901888       2147483648    6    1   43.19598
               0       4294967296    0    1    0.00000
      4294967296       4294967296    1    1   40.76176
      8589934592       4294967296    2    1   41.45861
     12884901888       4294967296    3    1   42.25739
     17179869184       4294967296    4    1   44.73654
     21474836480       4294967296    5    1   83.26607
     25769803776       4294967296    6    1   83.92018
               0       8589934592    0    1    0.00000
      8589934592       8589934592    1    1   77.95957
     17179869184       8589934592    2    1   80.62125
     25769803776       8589934592    3    1   84.66037
     34359738368       8589934592    4    1   86.92417
     42949672960       8589934592    5    1  163.79880
     51539607552       8589934592    6    1  165.54596
       536870912        134217728    4    2    3.72988
       671088640        134217728    5    2    2.28157
       805306368        134217728    6    2    4.38569
       939524096        134217728    7    2    2.31166
      1073741824        134217728    8    2    4.11021
      1207959552        134217728    9    2    6.39845
      1342177280        134217728   10    2    4.24895
      1073741824        268435456    4    2    4.89664
      1342177280        268435456    5    2    4.67372
      1610612736        268435456    6    2    4.97362
      1879048192        268435456    7    2    4.83169
      2147483648        268435456    8    2    5.06212
      2415919104        268435456    9    2    7.40067
      2684354560        268435456   10    2    7.45360
      2147483648        536870912    4    2    7.23376
      2684354560        536870912    5    2   10.51228
      3221225472        536870912    6    2    7.55907
      3758096384        536870912    7    2    7.42495
      4294967296        536870912    8    2    8.31156
      4831838208        536870912    9    2   12.51478
      5368709120        536870912   10    2   11.05794
      4294967296       1073741824    4    2   12.59919
      5368709120       1073741824    5    2   13.31349
      6442450944       1073741824    6    2   12.55395
      7516192768       1073741824    7    2   11.65968
      8589934592       1073741824    8    2   13.21668
      9663676416       1073741824    9    2   22.67770
     10737418240       1073741824   10    2   23.72025
      8589934592       2147483648    4    2   26.73934
     10737418240       2147483648    5    2   23.07560
     12884901888       2147483648    6    2   26.57560
     15032385536       2147483648    7    2   23.43555
     17179869184       2147483648    8    2   23.57513
     19327352832       2147483648    9    2   43.39195
     21474836480       2147483648   10    2   44.01821
     17179869184       4294967296    4    2   44.75521
     21474836480       4294967296    5    2   46.33909
     25769803776       4294967296    6    2   44.98997
     30064771072       4294967296    7    2   44.88676
     34359738368       4294967296    8    2   45.01818
     38654705664       4294967296    9    2   83.10806
     42949672960       4294967296   10    2   84.22715
     34359738368       8589934592    4    2   87.41573
     42949672960       8589934592    5    2   87.62780
     51539607552       8589934592    6    2   87.19744
     60129542144       8589934592    7    2   87.45622
     68719476736       8589934592    8    2   88.00302
     77309411328       8589934592    9    2  163.84250
     85899345920       8589934592   10    2  165.99753
      1610612736        134217728   12    4    3.81616
      1744830464        134217728   13    4    2.39543
      1879048192        134217728   14    4    3.70633
      2013265920        134217728   15    4    3.66316
      2147483648        134217728   16    4    3.66973
      2281701376        134217728   17    4    5.03591
      2415919104        134217728   18    4    5.13994
      3221225472        268435456   12    4    4.90113
      3489660928        268435456   13    4    4.90456
      3758096384        268435456   14    4    7.42580
      4026531840        268435456   15    4    4.90847
      4294967296        268435456   16    4    4.99926
      4563402752        268435456   17    4    6.18857
      4831838208        268435456   18    4   10.69690
      6442450944        536870912   12    4    7.47441
      6979321856        536870912   13    4    7.57808
      7516192768        536870912   14    4    7.65424
      8053063680        536870912   15    4    7.71231
      8589934592        536870912   16    4    7.61230
      9126805504        536870912   17    4   11.04664
      9663676416        536870912   18    4   12.57792
     12884901888       1073741824   12    4   12.58911
     13958643712       1073741824   13    4   12.98969
     15032385536       1073741824   14    4   15.84981
     16106127360       1073741824   15    4   13.95732
     17179869184       1073741824   16    4   13.27561
     18253611008       1073741824   17    4   21.28027
     19327352832       1073741824   18    4   22.99489
     25769803776       2147483648   12    4   23.67132
     27917287424       2147483648   13    4   26.14533
     30064771072       2147483648   14    4   25.53626
     32212254720       2147483648   15    4   26.49450
     34359738368       2147483648   16    4   23.69571
     36507222016       2147483648   17    4   41.35986
     38654705664       2147483648   18    4   43.07468
     51539607552       4294967296   12    4   45.11995
     55834574848       4294967296   13    4   45.20658
     60129542144       4294967296   14    4   45.43251
     64424509440       4294967296   15    4   44.91752
     68719476736       4294967296   16    4   45.18733
     73014444032       4294967296   17    4   83.26603
     77309411328       4294967296   18    4   83.62303
    103079215104       8589934592   12    4   87.79818
    111669149696       8589934592   13    4   87.67111
    120259084288       8589934592   14    4   88.14112
    128849018880       8589934592   15    4   87.97075
    137438953472       8589934592   16    4   87.70038
    146028888064       8589934592   17    4  163.83381
    154618822656       8589934592   18    4  165.71458
      3758096384        134217728   28    8    4.22686
      3892314112        134217728   29    8   12.53834
      4026531840        134217728   30    8    3.70656
      4160749568        134217728   31    8    3.58352
      4294967296        134217728   32    8    3.89941
      4429185024        134217728   33    8    5.17919
      4563402752        134217728   34    8    3.77181
      7516192768        268435456   28    8    5.87855
      7784628224        268435456   29    8    5.39431
      8053063680        268435456   30    8    7.31226
      8321499136        268435456   31    8    5.15288
      8589934592        268435456   32    8    5.31785
      8858370048        268435456   33    8    6.07339
      9126805504        268435456   34    8    6.32937
     15032385536        536870912   28    8    7.77274
     15569256448        536870912   29    8    7.56958
     16106127360        536870912   30    8    7.98057
     16642998272        536870912   31    8    7.77562
     17179869184        536870912   32    8    7.95068
     17716740096        536870912   33    8   11.23186
     18253611008        536870912   34    8   11.18024
     30064771072       1073741824   28    8   13.53090
     31138512896       1073741824   29    8   13.24606
     32212254720       1073741824   30    8   13.33983
     33285996544       1073741824   31    8   13.39878
     34359738368       1073741824   32    8   13.25096
     35433480192       1073741824   33    8   21.22203
     36507222016       1073741824   34    8   21.47286
     60129542144       2147483648   28    8   26.50576
     62277025792       2147483648   29    8   26.56222
     64424509440       2147483648   30    8   26.51936
     66571993088       2147483648   31    8   25.13066
     68719476736       2147483648   32    8   24.29902
     70866960384       2147483648   33    8   41.49977
     73014444032       2147483648   34    8   43.08486
    120259084288       4294967296   28    8   45.80141
    124554051584       4294967296   29    8   45.31412
    128849018880       4294967296   30    8   45.79481
    133143986176       4294967296   31    8   45.62719
    137438953472       4294967296   32    8   45.53791
    141733920768       4294967296   33    8   83.42249
    146028888064       4294967296   34    8   84.20985
    240518168576       8589934592   28    8   87.89016
    249108103168       8589934592   29    8   88.12147
    257698037760       8589934592   30    8   87.98819
    266287972352       8589934592   31    8   87.96651
    274877906944       8589934592   32    8   88.12311
    283467841536       8589934592   33    8  163.91846
    292057776128       8589934592   34    8  166.31882
      8053063680        134217728   60   16    4.75446
      8187281408        134217728   61   16    4.90796
      8321499136        134217728   62   16    4.85537
      8455716864        134217728   63   16    4.96166
      8589934592        134217728   64   16   12.62671
      8724152320        134217728   65   16    4.55760
      8858370048        134217728   66   16    4.66966
     16106127360        268435456   60   16    5.69589
     16374562816        268435456   61   16    5.72053
     16642998272        268435456   62   16    6.01117
     16911433728        268435456   63   16    5.64565
     17179869184        268435456   64   16    5.78002
     17448304640        268435456   65   16    6.11142
     17716740096        268435456   66   16   13.97523
     32212254720        536870912   60   16   11.30827
     32749125632        536870912   61   16   11.09942
     33285996544        536870912   62   16    8.30206
     33822867456        536870912   63   16    8.55309
     34359738368        536870912   64   16    8.13882
     34896609280        536870912   65   16   12.41413
     35433480192        536870912   66   16   11.29825
     64424509440       1073741824   60   16   15.13672
     65498251264       1073741824   61   16   13.74237
     66571993088       1073741824   62   16   14.27653
     67645734912       1073741824   63   16   13.78504
     68719476736       1073741824   64   16   13.44145
     69793218560       1073741824   65   16   21.53264
     70866960384       1073741824   66   16   23.15221
    128849018880       2147483648   60   16   26.77233
    130996502528       2147483648   61   16   26.91795
    133143986176       2147483648   62   16   26.90434
    135291469824       2147483648   63   16   27.36806
    137438953472       2147483648   64   16   24.11928
    139586437120       2147483648   65   16   43.09924
    141733920768       2147483648   66   16   43.87036
    257698037760       4294967296   60   16   45.87202
    261993005056       4294967296   61   16   46.01584
    266287972352       4294967296   62   16   46.09096
    270582939648       4294967296   63   16   46.05438
    274877906944       4294967296   64   16   45.99954
    279172874240       4294967296   65   16   83.59310
    283467841536       4294967296   66   16   83.52588
    515396075520       8589934592   60   16   88.28396
    523986010112       8589934592   61   16   88.65411
    532575944704       8589934592   62   16   88.23206
    541165879296       8589934592   63   16   88.60802
    549755813888       8589934592   64   16   88.35557
    558345748480       8589934592   65   16  164.33641
    566935683072       8589934592   66   16  164.59201
     12348030976        134217728   92   24    5.22487
     12482248704        134217728   93   24    6.65666
     12616466432        134217728   94   24    4.24909
     12750684160        134217728   95   24   12.62153
     12884901888        134217728   96   24    5.07196
     13019119616        134217728   97   24    7.67306
     13153337344        134217728   98   24    5.23087
     24696061952        268435456   92   24    7.09664
     24964497408        268435456   93   24    8.37769
     25232932864        268435456   94   24    5.79775
     25501368320        268435456   95   24    6.09609
     25769803776        268435456   96   24    6.40198
     26038239232        268435456   97   24    6.43341
     26306674688        268435456   98   24    6.33579
     49392123904        536870912   92   24    8.66770
     49928994816        536870912   93   24    8.09217
     50465865728        536870912   94   24    9.26096
     51002736640        536870912   95   24   11.78850
     51539607552        536870912   96   24   12.21424
     52076478464        536870912   97   24   11.36940
     52613349376        536870912   98   24   13.00468
     98784247808       1073741824   92   24   13.81106
     99857989632       1073741824   93   24   16.56818
    100931731456       1073741824   94   24   17.07737
    102005473280       1073741824   95   24   17.12627
    103079215104       1073741824   96   24   17.06386
    104152956928       1073741824   97   24   22.64677
    105226698752       1073741824   98   24   21.54806
    197568495616       2147483648   92   24   27.39746
    199715979264       2147483648   93   24   26.85101
    201863462912       2147483648   94   24   27.44732
    204010946560       2147483648   95   24   27.40406
    206158430208       2147483648   96   24   27.31465
    208305913856       2147483648   97   24   42.74370
    210453397504       2147483648   98   24   43.59175
    395136991232       4294967296   92   24   46.55131
    399431958528       4294967296   93   24   46.72831
    403726925824       4294967296   94   24   46.68990
    408021893120       4294967296   95   24   46.91915
    412316860416       4294967296   96   24   46.46335
    416611827712       4294967296   97   24   83.46967
    420906795008       4294967296   98   24   84.46595
    790273982464       8589934592   92   24   89.76125
    798863917056       8589934592   93   24   89.49667
    807453851648       8589934592   94   24   89.40439
    816043786240       8589934592   95   24   89.01464
    824633720832       8589934592   96   24   89.42039
    833223655424       8589934592   97   24  164.65506
    841813590016       8589934592   98   24  166.00208
     16642998272        134217728  124   32    5.71935
     16777216000        134217728  125   32    6.72816
     16911433728        134217728  126   32    8.38902
     17045651456        134217728  127   32    8.02826
     17179869184        134217728  128   32   12.69559
     17314086912        134217728  129   32   12.72846
     17448304640        134217728  130   32   12.59829
     33285996544        268435456  124   32   14.01793
     33554432000        268435456  125   32   14.03078
     33822867456        268435456  126   32    6.50021
     34091302912        268435456  127   32    7.01464
     34359738368        268435456  128   32    8.85218
     34628173824        268435456  129   32    6.69066
     34896609280        268435456  130   32    8.86447
     66571993088        536870912  124   32   13.12887
     67108864000        536870912  125   32   11.74349
     67645734912        536870912  126   32    8.83084
     68182605824        536870912  127   32   12.45406
     68719476736        536870912  128   32   12.05656
     69256347648        536870912  129   32   11.67933
     69793218560        536870912  130   32   13.46124
    133143986176       1073741824  124   32   17.40184
    134217728000       1073741824  125   32   14.58173
    135291469824       1073741824  126   32   18.26186
    136365211648       1073741824  127   32   14.05166
    137438953472       1073741824  128   32   17.68583
    138512695296       1073741824  129   32   22.30478
    139586437120       1073741824  130   32   23.13115
    266287972352       2147483648  124   32   28.34843
    268435456000       2147483648  125   32   28.19746
    270582939648       2147483648  126   32   27.98123
    272730423296       2147483648  127   32   27.92664
    274877906944       2147483648  128   32   28.01812
    277025390592       2147483648  129   32   41.90985
    279172874240       2147483648  130   32   43.67099
    532575944704       4294967296  124   32   47.34578
    536870912000       4294967296  125   32   47.58824
    541165879296       4294967296  126   32   47.23462
    545460846592       4294967296  127   32   55.47288
    549755813888       4294967296  128   32   47.73381
    554050781184       4294967296  129   32   84.22524
    558345748480       4294967296  130   32   85.41086
   1065151889408       8589934592  124   32   97.89383
   1073741824000       8589934592  125   32   90.15369
   1082331758592       8589934592  126   32   89.96738
   1090921693184       8589934592  127   32   89.56264
   1099511627776       8589934592  128   32   90.29310
   1108101562368       8589934592  129   32  164.46147
   1116691496960       8589934592  130   32  166.37397
